A = 1.000000
n1 = 100
dt = 1.000000
file_position = "position(omega=1.000000)"
file_bouncing = "bouncing(omega=1.000000)"
